{
 "metadata": {
  "kernelspec": {
   "display_name": "Python 3",
   "language": "python",
   "name": "python3"
  },
  "language_info": {
   "codemirror_mode": {
    "name": "ipython",
    "version": 3
   },
   "file_extension": ".py",
   "mimetype": "text/x-python",
   "name": "python",
   "nbconvert_exporter": "python",
   "pygments_lexer": "ipython3",
   "version": "3.6.3"
  },
  "name": "",
  "signature": "sha256:872ebe7873dd13318271d8b93ff1c15a9dce84c7070d448cb261a7c249e9dbe1"
 },
 "nbformat": 3,
 "nbformat_minor": 0,
 "worksheets": [
  {
   "cells": [
    {
     "cell_type": "code",
     "collapsed": false,
     "input": [
      "%matplotlib inline\n",
      "import cv2\n",
      "from matplotlib import pyplot as plt\n",
      "import numpy as np\n",
      "import os\n",
      "from scipy.stats.stats import pearsonr "
     ],
     "language": "python",
     "metadata": {},
     "outputs": [],
     "prompt_number": 1
    },
    {
     "cell_type": "code",
     "collapsed": false,
     "input": [
      "def getLine(p1,p2):  \n",
      "#     if p1[0]!=p2[0]:\n",
      "#         a = (p1[1]-p2[1])/(p1[0]-p2[0])\n",
      "#         b = p1[1]-a*p1[0]\n",
      "#         return (a,b)\n",
      "    a = p1[1]-p2[1]\n",
      "    b =-p1[0]+p2[0]\n",
      "    c =-a*p1[0]-b*p1[1]\n",
      "    \n",
      "    return (a,b,c)\n",
      "\n",
      "def getDistanceFromLine(p,l):\n",
      "    return np.abs(l[0]*p[0]-l[1]*p[1]+l[2])/np.sqrt(l[0]**2 + l[1]**2)\n",
      "#     return np.abs(l[0]*p[0]-p[1]+l[1])/np.sqrt(l[0]**2 + 1)\n",
      "\n",
      "def getLinesCrossing(a1,b1,c1,a2,b2,c2):\n",
      "    d = a1*b2-a2*b1\n",
      "    if d!=None:\n",
      "        x = (b1*c2-b2*c1)/d\n",
      "        y =-(a1*c2-a2*c1)/d\n",
      "        return [x,y]\n",
      "\n",
      "def canBeSide(A,B,defects):\n",
      "    return True\n",
      "    return tuple(np.append(A[0],B[0])) not in defects\n",
      "        \n",
      "\n",
      "def canBeSides(points,defects):\n",
      "    result = True\n",
      "    for i in range(len(points)):\n",
      "        result = result and canBeSide(points[i],points[(i+1)%len(points)],defects)\n",
      "        if not result: break\n",
      "    return result\n",
      "\n",
      "def getPointsToCutOut(points,others):\n",
      "    p1,p2,p3,p4 = points[:,0,:]\n",
      "    l1 = getLine(p1,p2)\n",
      "    l2 = getLine(p2,p3)\n",
      "    l3 = getLine(p3,p4)\n",
      "    \n",
      "    maxd = -1\n",
      "    p5=None\n",
      "    others = np.append(others,[[p1],[p4]],axis=0)\n",
      "    for pi in others[:,0,:]:\n",
      "        d = getDistanceFromLine(pi,l2)\n",
      "        if d>=maxd:\n",
      "            maxd=d\n",
      "            p5=pi\n",
      "    \n",
      "    l4 = (l2[0],l2[1],-l2[0]*p5[0]-l2[1]*p5[1])\n",
      "    p6 = getLinesCrossing(*l1,*l4)\n",
      "    p7 = getLinesCrossing(*l3,*l4)\n",
      "    return np.array([[p6],[p2],[p3],[p7]])#[[0,0],[0,height],[width,height],[width,0]]\n",
      "\n",
      "def checkIfCorrect(points,width,height):\n",
      "    for p in points:\n",
      "        if p[0]<0 or p[0]>width or p[1]<0 or p[1]>height:\n",
      "            return False\n",
      "    return True\n",
      "\n",
      "def setProperRotation(img,threshold = 0.2):\n",
      "    rows,cols = img.shape\n",
      "    w = int(threshold * cols)\n",
      "    h = int(threshold * rows)\n",
      "    avrgs = [img[:h,:].mean()]   #od g\u00f3ry\n",
      "    avrgs+= [img[-h:,:].mean()]  #od do\u0142u\n",
      "    avrgs+= [img[:,:w].mean()]    #od lewej\n",
      "    avrgs+= [img[:,-w:].mean()]    #od prawej\n",
      "    \n",
      "    idx = 1\n",
      "    maxavrg = -1\n",
      "    for i,avrg in enumerate(avrgs):\n",
      "        if avrg>maxavrg:\n",
      "            maxavrg = avrg\n",
      "            idx = i\n",
      "        \n",
      "    if idx == 1:\n",
      "        return img\n",
      "    elif idx == 2:\n",
      "        M = cv2.getRotationMatrix2D((cols/2,rows/2),90,1)\n",
      "    elif idx == 3:\n",
      "        M = cv2.getRotationMatrix2D((cols/2,rows/2),-90,1)\n",
      "    elif idx == 0:\n",
      "        M = cv2.getRotationMatrix2D((cols/2,rows/2),180,1)\n",
      "    return cv2.warpAffine(img,M,(cols,rows))\n",
      "\n",
      "def func(column):\n",
      "    last_cell = column[0]\n",
      "    w = 0\n",
      "    for cell in column[1:]:\n",
      "        if cell<last_cell:\n",
      "            w += 1\n",
      "        elif cell>last_cell:\n",
      "            last_cell = cell\n",
      "    return w\n",
      "    \n",
      "def getPropositions(path):\n",
      "    image = cv2.imread(path,0)# 0 - greyscale\n",
      "    _,contours,_ = cv2.findContours(image, cv2.RETR_EXTERNAL,cv2.CHAIN_APPROX_SIMPLE)\n",
      "    cnt = contours[0]\n",
      "    chull = cv2.convexHull(cnt)\n",
      "    epsilon = 0.01*cv2.arcLength(chull,True)\n",
      "    approx = cv2.approxPolyDP(chull,epsilon,True)\n",
      "    \n",
      "    defects = cv2.convexityDefects(cnt,cv2.convexHull(cnt,returnPoints=False))\n",
      "#     print(np.array([[cnt[s],cnt[e]] for [[s,e,_,_]] in defects]))\n",
      "#     plt.figure()\n",
      "#     plt.imshow(image)\n",
      "    \n",
      "    selections = []\n",
      "    height,width = image.shape\n",
      "    for i in range(len(approx)):\n",
      "        vertices = np.empty((0,1,2))\n",
      "        others = np.empty((0,1,2))\n",
      "        for j in range(len(approx)):\n",
      "            k = (i+j)%len(approx)\n",
      "            if j<4:\n",
      "                vertices = np.append(vertices, [approx[k]],axis=0)\n",
      "            else:\n",
      "                others = np.append(others, [approx[k]],axis=0)\n",
      "        if canBeSides(vertices,defects):\n",
      "            selection = getPointsToCutOut(vertices,others)\n",
      "#             selections += [selection]\n",
      "            if checkIfCorrect(selection[:,0,:],width,height):\n",
      "                selections += [selection]\n",
      "    \n",
      "    propositions = []\n",
      "    negpropositions = []\n",
      "    width,height = 300,300\n",
      "    border = 10\n",
      "    d = 0\n",
      "    for sel in selections:\n",
      "        pts2 = np.float32([[d,d],[d,height-d],[width-d,height-d],[width-d,d]])\n",
      "        pts1 = np.float32(sel[:,0,:])\n",
      "        \n",
      "        H = cv2.findHomography(pts1,pts2)[0]\n",
      "        \n",
      "        h1,w1 = image.shape\n",
      "        h2,w2 = image.shape\n",
      "        pts1 = np.float32([[0,0],[0,h1],[w1,h1],[w1,0]]).reshape(-1,1,2)\n",
      "        pts2 = np.float32([[0,0],[0,h2],[w2,h2],[w2,0]]).reshape(-1,1,2)\n",
      "        pts2_ = cv2.perspectiveTransform(pts1, H)\n",
      "        pts = np.concatenate((pts1, pts2_), axis=0)\n",
      "        [xmin, ymin] = np.int32(pts.min(axis=0).ravel() - 0.5)\n",
      "        [xmax, ymax] = np.int32(pts.max(axis=0).ravel() + 0.5)\n",
      "        t = [-xmin,-ymin]\n",
      "        Ht = np.array([[1,0,t[0]],[0,1,t[1]],[0,0,1]]) # translate\n",
      "\n",
      "        dst = cv2.warpPerspective(image, Ht.dot(H), (xmax-xmin, ymax-ymin))\n",
      "        dst[dst!=0] = dst.max()\n",
      "        \n",
      "        dst = dst[:,~np.all(dst==0,axis=0)] #g\u00f3ra i d\u00f3\u0142\n",
      "        dst = dst[~np.all(dst==0,axis=1),:] #lewo i prawo\n",
      "        dst = dst[:,~np.all(dst!=0,axis=0)]\n",
      "        dst = dst[~np.all(dst!=0,axis=1),:]\n",
      "        \n",
      "        dst = setProperRotation(dst)\n",
      "        dst = dst[:-border,border:-border]\n",
      "        dst = cv2.resize(dst,(width,height))  \n",
      "        dst[dst!=0] = dst.max()\n",
      "        \n",
      "#         print(path,np.apply_along_axis(func,0,dst).sum())\n",
      "        if np.apply_along_axis(func,0,dst).sum() < 120:\n",
      "            dst = dst[:,~np.all(dst==0,axis=0)]\n",
      "            dst = dst[~np.all(dst==0,axis=1),:]\n",
      "            dst = dst[:,~np.all(dst!=0,axis=0)]\n",
      "            dst = dst[~np.all(dst!=0,axis=1),:]\n",
      "            dst = cv2.resize(dst,(width,height))  \n",
      "\n",
      "            neg = dst.max() - dst\n",
      "\n",
      "            propositions += [dst]\n",
      "            negpropositions += [neg]\n",
      "    return propositions,negpropositions"
     ],
     "language": "python",
     "metadata": {},
     "outputs": [],
     "prompt_number": 2
    },
    {
     "cell_type": "code",
     "collapsed": false,
     "input": [
      "def binarySearch(column):\n",
      "    n = len(column)\n",
      "    i = n/2\n",
      "    d = n/2\n",
      "    while column[i] == column[i+1]:\n",
      "        d /= 2\n",
      "        if column[i] != 0:\n",
      "            i -= d\n",
      "        else: \n",
      "            i += d\n",
      "        if i < 0:\n",
      "            return 0\n",
      "        if i >= n-1:\n",
      "            return i\n",
      "    return i\n",
      "\n",
      "\n",
      "def findEdge(img):\n",
      "    edge = []\n",
      "    img  = (img> 150)*255\n",
      "    for column in img.T:\n",
      "        edge.append(binarySearch(column))\n",
      "    return edge\n",
      "\n",
      "\n",
      "def compareImagesCorr(imgs):\n",
      "    edges = []\n",
      "    for i, imgSet in enumerate(imgs):\n",
      "        edges.append([])\n",
      "        for img in imgSet:\n",
      "            edges[i].append(findEdge(img))\n",
      "    print(len(imgs))\n",
      "    pearson = np.zeros((len(edges), len(edges)))\n",
      "    for i in range(len(edges)):\n",
      "        for edge in edges[i]:\n",
      "            edge = edge[::-1]\n",
      "            for j in range(0, i):\n",
      "                for edge2 in edges[j]:\n",
      "                    pearson[i][j] = max(pearson[i][j], pearsonr(edge, edge2)[0]**2)\n",
      "                pearson[j][i] = pearson[i][j]\n",
      "    return pearson\n",
      "\n",
      "\n",
      "def compareImagesDiff(imgs):\n",
      "    diff = np.zeros((len(imgs), len(imgs)), dtype=np.uint16)\n",
      "    for i in range(len(imgs)):\n",
      "        best = 99999999999\n",
      "        for img in imgs[i]:\n",
      "            img = img[:, ::-1]\n",
      "            for j in range(0, i):\n",
      "                for img2 in imgs[j]:\n",
      "                    best = min((imgs[i] != imgs[j]).sum(), best)\n",
      "                diff[i][j] = diff[j][i] = best\n",
      "    return diff"
     ],
     "language": "python",
     "metadata": {},
     "outputs": [],
     "prompt_number": 43
    },
    {
     "cell_type": "code",
     "collapsed": false,
     "input": [
      "directpath = './datasets/set7'\n",
      "\n",
      "if __name__==\"__main__\":\n",
      "    if os.path.exists(directpath):\n",
      "        n = len(os.listdir(directpath))-2\n",
      "        print(n)\n",
      "        imgs = []\n",
      "        for i in range(n):\n",
      "            imgs.append([])\n",
      "            filename = os.path.join(directpath,str(i)+'.png')\n",
      "            if os.path.exists(filename) and os.access(filename,os.R_OK):\n",
      "                props,negprops = getPropositions(filename)\n",
      "                \n",
      "                for prop in props:\n",
      "#                     plt.figure()\n",
      "#                     plt.title(filename)\n",
      "#                     plt.imshow(prop)\n",
      "#                     prop = prop[:, ::-1]\n",
      "                    imgs[i].append(prop)\n",
      "        print(len(imgs))\n",
      "        print(compareImagesCorr(imgs))\n",
      "#                 for prop in negprops:\n",
      "#                     plt.figure()\n",
      "#                     plt.title(filename)\n",
      "#                     plt.imshow(prop)"
     ],
     "language": "python",
     "metadata": {},
     "outputs": [
      {
       "output_type": "stream",
       "stream": "stdout",
       "text": [
        "20\n",
        "20"
       ]
      },
      {
       "output_type": "stream",
       "stream": "stdout",
       "text": [
        "\n",
        "20"
       ]
      },
      {
       "output_type": "stream",
       "stream": "stdout",
       "text": [
        "\n",
        "[[  0.00000000e+00   8.71999202e-02   5.61670719e-01   5.32600718e-01\n",
        "    2.68978003e-01   2.89207180e-01   3.19320087e-01   1.79426793e-01\n",
        "    9.00149589e-02   3.19012042e-01   5.46495991e-01   7.22860398e-02\n",
        "    1.91455336e-01   1.06145760e-01   3.21666237e-01   9.03871419e-01\n",
        "    3.39847921e-01   3.03218387e-01   1.97755693e-01   3.19737507e-01]\n",
        " [  8.71999202e-02   0.00000000e+00   2.99405802e-02   2.21498335e-01\n",
        "    2.77879221e-01   3.12890115e-02   5.66557770e-02   4.67730053e-01\n",
        "    2.02481811e-01   9.17385445e-02   1.36777726e-02   4.35923946e-01\n",
        "    2.78709597e-02   3.81350494e-01   5.69997004e-02   5.16243538e-01\n",
        "    5.10316508e-02   5.02530732e-01   8.10484145e-01   5.57187977e-02]\n",
        " [  5.61670719e-01   2.99405802e-02   0.00000000e+00   4.73505660e-01\n",
        "    3.59180999e-02   2.61829964e-02   4.61169667e-01   5.15234418e-01\n",
        "    9.12130810e-01   4.55128129e-01   3.28714660e-01   2.07270689e-02\n",
        "    1.38891124e-01   1.09019878e-01   4.61043369e-01   6.53406071e-02\n",
        "    4.91305577e-01   3.42337902e-02   2.49583738e-02   4.82065442e-01]\n",
        " [  5.32600718e-01   2.21498335e-01   4.73505660e-01   0.00000000e+00\n",
        "    7.07806363e-02   7.94112325e-02   5.91469966e-01   4.55825124e-01\n",
        "    7.12191956e-01   6.12120500e-01   5.21996215e-01   7.32247290e-02\n",
        "    1.48487299e-01   8.55556316e-02   5.96416211e-01   1.49106168e-01\n",
        "    5.30546875e-01   6.05289359e-01   3.63872019e-01   5.60333995e-01]\n",
        " [  2.68978003e-01   2.77879221e-01   3.59180999e-02   7.07806363e-02\n",
        "    0.00000000e+00   3.71094818e-02   1.49219628e-01   2.20835012e-01\n",
        "    3.84154529e-01   1.64257001e-01   1.11276033e-01   8.30957432e-02\n",
        "    5.74211590e-03   1.84900326e-01   1.52715993e-01   4.04629527e-01\n",
        "    9.30237649e-02   9.61300948e-01   6.64274516e-01   4.14900145e-01]\n",
        " [  2.89207180e-01   3.12890115e-02   2.61829964e-02   7.94112325e-02\n",
        "    3.71094818e-02   0.00000000e+00   1.14255913e-01   1.75868130e-02\n",
        "    3.08869938e-01   4.41873067e-02   9.07495035e-02   8.06356048e-03\n",
        "    3.76246893e-02   2.16521293e-03   2.13749371e-04   2.45595877e-01\n",
        "    9.01443191e-03   2.58873384e-01   2.00838446e-01   1.27496903e-01]\n",
        " [  3.19320087e-01   5.66557770e-02   4.61169667e-01   5.91469966e-01\n",
        "    1.49219628e-01   1.14255913e-01   0.00000000e+00   2.67151445e-01\n",
        "    2.63621160e-01   9.97149291e-01   4.84478842e-01   6.92103839e-02\n",
        "    1.80657350e-02   3.75642764e-02   9.97739646e-01   9.25364892e-02\n",
        "    9.48611795e-01   2.05151216e-01   3.01834032e-01   9.93871851e-01]\n",
        " [  1.79426793e-01   4.67730053e-01   5.15234418e-01   4.55825124e-01\n",
        "    2.20835012e-01   1.75868130e-02   2.67151445e-01   0.00000000e+00\n",
        "    3.34153875e-01   2.60032136e-01   4.36694820e-01   4.73487554e-01\n",
        "    1.46926586e-01   8.42516684e-01   2.64367555e-01   5.77241774e-01\n",
        "    3.39834140e-01   3.94701966e-01   1.63955833e-01   5.31398424e-01]\n",
        " [  9.00149589e-02   2.02481811e-01   9.12130810e-01   7.12191956e-01\n",
        "    3.84154529e-01   3.08869938e-01   2.63621160e-01   3.34153875e-01\n",
        "    0.00000000e+00   2.66337787e-01   5.79821524e-01   2.04432266e-01\n",
        "    5.15243425e-03   1.95482174e-01   2.65816449e-01   3.93191169e-01\n",
        "    2.68826321e-01   4.77147767e-02   7.80708380e-02   3.31854332e-01]\n",
        " [  3.19012042e-01   9.17385445e-02   4.55128129e-01   6.12120500e-01\n",
        "    1.64257001e-01   4.41873067e-02   9.97149291e-01   2.60032136e-01\n",
        "    2.66337787e-01   0.00000000e+00   4.79681275e-01   7.35786034e-02\n",
        "    1.44810681e-02   3.47625902e-02   9.98666364e-01   9.16646693e-02\n",
        "    9.47380012e-01   2.03737870e-01   3.02604196e-01   9.94200434e-01]\n",
        " [  5.46495991e-01   1.36777726e-02   3.28714660e-01   5.21996215e-01\n",
        "    1.11276033e-01   9.07495035e-02   4.84478842e-01   4.36694820e-01\n",
        "    5.79821524e-01   4.79681275e-01   0.00000000e+00   3.75072311e-02\n",
        "    5.39031780e-02   5.24220320e-02   4.89770749e-01   3.18247923e-01\n",
        "    4.73387286e-01   2.97436083e-01   2.49348108e-01   4.90221033e-01]\n",
        " [  7.22860398e-02   4.35923946e-01   2.07270689e-02   7.32247290e-02\n",
        "    8.30957432e-02   8.06356048e-03   6.92103839e-02   4.73487554e-01\n",
        "    2.04432266e-01   7.35786034e-02   3.75072311e-02   0.00000000e+00\n",
        "    8.38358732e-01   3.34425317e-01   6.59945623e-02   3.61679001e-01\n",
        "    9.83253236e-02   1.16245416e-02   3.40636780e-02   7.66181533e-02]\n",
        " [  1.91455336e-01   2.78709597e-02   1.38891124e-01   1.48487299e-01\n",
        "    5.74211590e-03   3.76246893e-02   1.80657350e-02   1.46926586e-01\n",
        "    5.15243425e-03   1.44810681e-02   5.39031780e-02   8.38358732e-01\n",
        "    0.00000000e+00   3.23224068e-01   1.51822066e-02   6.62396370e-02\n",
        "    1.73954034e-01   6.55655929e-02   2.56682412e-01   1.75397481e-01]\n",
        " [  1.06145760e-01   3.81350494e-01   1.09019878e-01   8.55556316e-02\n",
        "    1.84900326e-01   2.16521293e-03   3.75642764e-02   8.42516684e-01\n",
        "    1.95482174e-01   3.47625902e-02   5.24220320e-02   3.34425317e-01\n",
        "    3.23224068e-01   0.00000000e+00   3.66741250e-02   5.63185450e-01\n",
        "    1.29868671e-01   1.23667316e-01   8.34043286e-02   1.02176083e-01]\n",
        " [  3.21666237e-01   5.69997004e-02   4.61043369e-01   5.96416211e-01\n",
        "    1.52715993e-01   2.13749371e-04   9.97739646e-01   2.64367555e-01\n",
        "    2.65816449e-01   9.98666364e-01   4.89770749e-01   6.59945623e-02\n",
        "    1.51822066e-02   3.66741250e-02   0.00000000e+00   9.76535014e-02\n",
        "    9.47738993e-01   2.05933887e-01   2.94957443e-01   9.94883334e-01]\n",
        " [  9.03871419e-01   5.16243538e-01   6.53406071e-02   1.49106168e-01\n",
        "    4.04629527e-01   2.45595877e-01   9.25364892e-02   5.77241774e-01\n",
        "    3.93191169e-01   9.16646693e-02   3.18247923e-01   3.61679001e-01\n",
        "    6.62396370e-02   5.63185450e-01   9.76535014e-02   0.00000000e+00\n",
        "    1.06644500e-01   4.47736576e-01   5.14321342e-01   1.30783840e-01]\n",
        " [  3.39847921e-01   5.10316508e-02   4.91305577e-01   5.30546875e-01\n",
        "    9.30237649e-02   9.01443191e-03   9.48611795e-01   3.39834140e-01\n",
        "    2.68826321e-01   9.47380012e-01   4.73387286e-01   9.83253236e-02\n",
        "    1.73954034e-01   1.29868671e-01   9.47738993e-01   1.06644500e-01\n",
        "    0.00000000e+00   1.51457516e-01   2.43639861e-01   9.46546207e-01]\n",
        " [  3.03218387e-01   5.02530732e-01   3.42337902e-02   6.05289359e-01\n",
        "    9.61300948e-01   2.58873384e-01   2.05151216e-01   3.94701966e-01\n",
        "    4.77147767e-02   2.03737870e-01   2.97436083e-01   1.16245416e-02\n",
        "    6.55655929e-02   1.23667316e-01   2.05933887e-01   4.47736576e-01\n",
        "    1.51457516e-01   0.00000000e+00   1.33606360e-01   1.89795810e-01]\n",
        " [  1.97755693e-01   8.10484145e-01   2.49583738e-02   3.63872019e-01\n",
        "    6.64274516e-01   2.00838446e-01   3.01834032e-01   1.63955833e-01\n",
        "    7.80708380e-02   3.02604196e-01   2.49348108e-01   3.40636780e-02\n",
        "    2.56682412e-01   8.34043286e-02   2.94957443e-01   5.14321342e-01\n",
        "    2.43639861e-01   1.33606360e-01   0.00000000e+00   3.44261408e-01]\n",
        " [  3.19737507e-01   5.57187977e-02   4.82065442e-01   5.60333995e-01\n",
        "    4.14900145e-01   1.27496903e-01   9.93871851e-01   5.31398424e-01\n",
        "    3.31854332e-01   9.94200434e-01   4.90221033e-01   7.66181533e-02\n",
        "    1.75397481e-01   1.02176083e-01   9.94883334e-01   1.30783840e-01\n",
        "    9.46546207e-01   1.89795810e-01   3.44261408e-01   0.00000000e+00]]"
       ]
      },
      {
       "output_type": "stream",
       "stream": "stdout",
       "text": [
        "\n"
       ]
      }
     ],
     "prompt_number": 44
    },
    {
     "cell_type": "code",
     "collapsed": false,
     "input": [],
     "language": "python",
     "metadata": {},
     "outputs": [],
     "prompt_number": 44
    },
    {
     "cell_type": "code",
     "collapsed": false,
     "input": [],
     "language": "python",
     "metadata": {},
     "outputs": []
    }
   ],
   "metadata": {}
  }
 ]
}